100
1 1
3 4
5 5
15 15
100 100
66 100
77 97
7 11
36 47
10 41
31 35
4 42
81 85
41 84
20 85
46 95
17 30
6 25
2 4
2 2
71 99
12 12
27 65
6 39
9 15
3 22
2 51
47 63
5 17
6 28
40 53
42 64
40 100
5 37
47 53
42 65
65 88
90 99
37 50
1 15
3 67
32 65
7 55
20 56
23 24
1 25
6 9
14 58
24 79
6 15
12 36
31 34
8 8
3 27
9 68
11 25
40 81
46 55
50 67
5 7
33 45
7 18
41 74
4 12
39 72
10 34
24 58
9 82
29 51
21 25
30 53
25 56
83 89
3 68
26 72
37 49
2 8
13 20
39 92
15 84
25 61
36 74
27 89
9 86
1 19
5 13
6 11
4 4
15 82
1 6
28 97
16 20
33 71
47 89
4 26
20 29
19 45
5 8
7 13
12 76
