10
4 4
0101
0010
0100
1111
7
Q
M 0 2 1
Q
M 2 2 0
Q
M 2 1 0
Q
29 75
111101000000000101000101100001110011001100010111001111010101011100011100111
001011011010111100001110101101111011000001101011111001101010011001011100011
101100111011001001000101100010110111100110110100111110001010010010110000100
101000000101011111010010101010010001110101111010100011011111101101011111011
011111001110011010101111100110101001001100000010000100100010111011000000010
011000101011100011101110101000000010011010001100101011001011100111001010101
111000110001001111111001110001110101001011101101000000011110010100111011011
011101000010000010100010100000000000001110111000010100011100111100010001001
010010110000111111110101001010011001111001011001011001110111011000101100110
100010111110100100011011100101000101001111010010100111100101111010010000110
000100111000101001101100011111010011110100010101000001010111001110001000000
110001000111010101100011111001011101110110001000110011001101011101101111001
100000000000100111110010010011010010001110101001011110011101100110001110000
000110000110100010110010011110101011110101010000100100111101101100011001001
110000001101001000000010101111101010000011110111000011110110111010001111110
000101111010000011001110010000100001010111000110111100011000001010000001011
101100111111110010000100010100110111000000000111001000100000001101000111000
011010100011000000100011111011101001101011001111101011001011000111110100000
001001011110100000100010100111100110110110100111000010101101100001111110010
110100100010101001101110011100000010101001010000001010010001111000100000110
101001111000111011110111101011010011110111001010110001100110101101000100111
011010110111010001000111011000000110110011011001010011101110011111111110110
001010110110110110111010010110001110010110101001001110010101000110010011110
011001000010011110010001001000110001000111011001101111100110000111000010001
001000101010110001111001011100110100110111001111001010000001010101101000111
100111001101111101001101100101111011001110010011010110101100100101000000110
001101000101100100011000011000110011011110001101001000111000001110110101010
110101010100011111101010111111110001010001110110110010111111011100100111110
100000110011000010110110010101000111100100111011011111010001010011100011100
10
M 21 20 1
Q
Q
Q
M 15 44 1
Q
M 11 28 1
M 10 38 1
M 6 36 1
Q
43 42
101001110101100100011111000100101110011100
101001110110011111010001010001100011001110
001110101000111100111000110100001001000000
100110110110100000011000100111000000100111
010001111111100100111000110110101110111100
011100011101100000111110110100101100000000
001111100010011000110011011110001110011101
001010101010000010111011101101111111111101
001001101110011110111101010001010101101011
100100101010001010101100110100000111111101
010110000001001100000100001000001000101010
101101100001101110110001110100011010011101
010000100010100000011100011101110011101100
010111001101001000000101100011000000111001
111100100011000110000101000110111101100001
010000110001110110110100100101110011100111
110100111100000010010110001000011100111100
101011110100111110100110010000101000011110
111110010011111100010101001001101110100011
001101011000010111101001100101110010010001
000100001100110111100111001101100001001000
000100010110010001011100111110100011011110
100001111101001111001101011110011110011010
010110000011111111100100111111011101111001
011010111111001000001110110101010100011011
111000001000010111011110001011101110100111
001110000000000111000001100000100110101011
010100011110111011011100001001110001010010
000001111111000000000111100101101100110011
010000111010101000010011111110100111000001
111000100000101011110010100111001011111110
010100100101010101000100101101001100010000
100010100001101000101000110110111111110001
110100010100001100011110110000100011101101
010000000000101100100110011000010000101010
001000011111000001100100011011101100110101
010010011100010000100110011100100100101000
000010011110000010101011000100011001111011
111101000100111011111101001001001010010111
010110110101111100010001011111110011110011
001100000110111111101010100011110100101100
000011110100011001001111110111001010011101
001111000010111001010101010111110010000100
10
Q
Q
M 8 18 0
M 13 5 0
M 27 17 0
M 14 13 1
Q
Q
M 34 2 1
M 1 16 0
16 96
000100000110100100111010011101110010111011101110000101110100100010110100110110101011010001101001
001101011011111011000111010001011110010001111101010100110100000001011110110010010110100110001110
101101111000010100000010101111011100111110011000000110010110111110110110101100101001010110000000
100111010000001000111011000110100100100111001000100100010100111011111000110001101000011101101010
011111011100100001110000011000110110000000011111000111001100011111000011111010001110111011001001
100011111011101001111110001011000110001011110100101011100110101011100110111010101110111001001011
011010010001110010101110001010110110101100100000001100011100001100100101010001000010110010001000
010111111101100100000001110111011110001110000000111111101011010101011010001011100001001011010110
001101010101110001001111000100001000000000000101010011100001111010101111011110110110111101111100
001110100101011011111010001100000001111100111001010001011001111010100101100110110111100001011011
111100101101010110110011011101001010100101110010010111101100110000101000110111100001001010111111
010011011001000011100110101101100011101110001101000011101010111001001001110000011001111111011100
101111000101100110010010000101010110100011111111000100011111011011001011101100110010001010000010
111111011010100000001001100010001001111000111001110010101110011000100011101011001000101101011011
111000000001010100011010101110110011001100011001111101100001110000111111111100100001010010110010
111010010101110000110000001101101100001100101100001001010001100100011100101100010111001000011001
10
M 4 43 0
M 4 5 0
M 0 18 0
Q
Q
M 6 7 0
Q
Q
Q
Q
67 51
101010010010011011101000001110111101011010111101001
010111001110100111101101110111110010111010111111101
101100101010100100000101101001010001101011000100111
111110110100011100101000110110110111111000111100101
110000101011011011101001001100000111100110101101010
010111100011100000111110110011001101100010100011011
000000101110111111111110100001010010111111111100000
000010001000010110101110001111011001110011111010001
000111010010001001001000101000011000011101000010101
101000001100011101101110011011010011001110010000001
000000010101111111010101110111000110110011110101010
110010100110101000111010101111101000011101100011000
010110100001101011010111010001101100011101100111001
101100011001100011110011000111011110001100000000011
001010100010010000001100010010011111000110100010101
101100001110110011100100110110111001110010101111100
000101111010111101010111101110001010010100000001110
100001011111101000101010011111000000010100100001100
101001001110000101100011101010110011001101101100101
001100110101011110110011001100000011110100100000011
101110000111001100000111100100101111100000111001100
001010011110100001111010101110001001111111110000000
101001001110000010110010100100000111111111101011111
000011011110010010000001110101110011101100010011000
100001100010110111010111001110100011001111111001011
001101001100011010010111110101011100111011001001000
001001101111101101111111110001010001000101101101110
111100111101000001100000011011001100001001001111001
101001101110000011001010100111111000001110001111000
000100101110001111011000000010111110011101010000000
011101111000000111010101001011011111111000101000001
000001010000101101111110100101111000110110011001101
110110111111110000011101101100000111010010001001110
110011010001011001100101110110000101111001111011001
010010000110101101011010110001010110001010111100111
010010000010110010110011010001011111001111110110010
001001011001011000001001101000111100011000110101111
101011100100010000000101111011001111110001101011000
011111010001000001101100000010110001011100010100101
110011100010100110000110000000111100010100001011101
011010110000010000101110101101001010011111101000101
101100110001111100010011010110111011001110001000101
011111111000110111010100100101101011011101000110001
100111011011100100000110010101100100000010000001100
000111000010110000111000010011011101111111011110111
110100111010010001011101111111110011000011110010110
111010010101111100000101100000100010101001001011010
010011110010101100001011111100110011011011111101100
111011101101111111001110110111101111100111100011000
100101111110111011100001111010110110100110001111000
110001001011110001001100100011100111000111101010100
011111101110110111010011110001110010011100100000110
001101000110101111001100110001010010111101010111001
100001000011011111011011110001010010101001011010101
110001110110100000001011101111011000001001000110111
011010100110110101101101111010011000001000111111110
100100010000101111101010110111110011101000001010111
110110000111010011011001001000000100001000010100101
110111111011000101010100000011011101011010011110100
001000100111100111010101110011111000101010011011010
011011110100001101101101110101010100100011000000010
011011111010111011011000110100010000111001111101011
101011010111101111101001010111010010001001001001001
100101001011001101011001010111111011001001011000100
101100100110110000011010000100001110011110100100010
101010101111111101100111011101111010100000010111101
111110111011000111101101001100010010110010000110011
8
M 21 48 1
M 52 39 0
M 11 21 1
Q
M 63 2 1
M 24 17 0
Q
Q
15 80
10011010001010110101110111010110010000010001101001001011011110010000110110111011
01100110110100101010110100001000000101000010110010110001110100011100010100111101
10001110110000100001010010011111001111111010110101100111001010000000110110101010
00010101001000000110111101000101000001110111101010010011001110011000011111000000
11000110110110101100101010101000100000010010101100100111001111011111011111011100
10100011111110001000100110111001111001101110111101100101001110101110111000001110
01001100011111000011000110001011001010000010000111100101011110100100110000001111
01010110000011001101011000101101000000101000010101111101010011111100001100011110
01100011001111111001111011011111111001100100101010011001001101111101110001010000
11010111101001011011000000011001011000001100110010100100000110000110001010111111
11101010111110111100101100000010011100000010110011001010101011011010010001011000
01001011101100000101111010001000010001100101101010010010000011111100000100001011
11001001000001001100111000001100110101010111101110110100100000100100111111000010
11110000100110000101101000111111110001010110001001010000111111101001011110111101
11100001001110010111100011010111000100001011001000111000111000111001100000011101
5
M 11 39 1
Q
Q
Q
Q
96 15
010010000001101
100000100111001
011110110011110
100011110010010
011111011101000
001111111000010
110111100001011
100101100011100
110010001101101
011110001110010
110010011111100
010001110110100
001101111111010
100111111000101
101100100000001
000100011100001
100111101110101
111100010000101
101101110110111
001011110101010
110110000001110
001011000110001
010101110000100
001011111001011
111010110010010
101111000101110
100101000110000
001111001101000
101101111001100
111001111011111
010010101110101
001101101011011
000010100100000
111010011001110
111100001000111
000010001000101
011010011100101
100000110101100
110010100100001
010001111000000
000111100100101
001111111111100
010010100101011
100010000101100
110101110010111
110011100101110
010010000001101
000110101011011
101110011110111
101000111101001
011011101111111
000010100110100
010101100010111
100101011101010
000000111110110
110111100111101
110000110011110
001001010111000
110000110100111
100101111100110
010100000110010
010010011110110
010101010000111
011101110100001
111010010001011
001010011110111
111110000000010
010101100001100
101011101010111
001110010101111
110100000011001
010000011101101
101111100101110
101000011110100
111010101000010
000111010111011
101010011100101
110000110100110
111100000100001
000101000001101
111010111010100
001100100001111
011100000101101
000100000101001
001100000111111
110101001111100
100001100111110
101101110110100
110001001001010
111110010101010
110100001011011
110100001011001
011011101010010
000101101011011
001100101110000
101111111101010
5
Q
Q
Q
Q
M 8 14 0
100 100
1110011111111010000111100100010100010101101111111111011110011000111000010011111101111111111101101100
1000110010000100011001111110100110111100101001011000101111100010101100101110100011010001000110011011
0100010001010111001110110001001110001000010110110110111110111010011000110010000101010110000111001110
0111110010000011111000110001000110011100100000111110110101010000111101110011111101000101010101110111
1001101111010111000111100011111100101111000110001101011101101111100111000110100111111110010001000001
1100000100010100110000011000001101110011010101111111000011000011011000111101000010101011010101001001
1010010011110110100000100010111100000111111000101000100110110111000000101110011100111101101100111110
1000101010101011100110011000000010010110000101100111001100010110100000001101111101101011100000101101
0101011111110100101100111010000101011110011101001010110010001011001000110010011100100011010000010110
0000111110101111101000000101010101010110101011011110101101101100011111001011101111000110001010011011
1001101001011011011101110110010000110000111101011100111101111110010110010010011110101100000011000100
0110100101111101110010011100010111111010010101111111101100000011010000101001010100100100111101111010
1101100001011000101101101110110111100011111100101111010100010101100001010010010000111010000110001111
1001010110001001001010101010111101111010111101010010010010111110001001000011000110101011010100110111
0101101001100100111011011110110100101010010101001110000101111010111110100011100000010101001011100000
1000001111000111001110000110001001000000010100101000111011111000011110101000111000101000010001010000
1001100100010010100100110000110101000100100110000000101110011000010100001011100001011011111111001110
0010111010101001101100101000100110111111010101001001111000111011010010000011000010110100010010100000
1100000010101101100001100100010011011110101110110011111000011111101100101110100001001110101001110101
0011000010100110110010010011100010101011010010111011101100101011100100001110110111011111011011010000
0110111101001111110100001000110010001000101101010111110100000101101101010111110010110010011110110111
1011000101110110101001000011010111100010010010111101010110000000010100010101110010000110010011001110
1010101100011111110111011111001110111101011111100000011101110001100111011011111000111011101110111001
0110110111011000000000101111010110001000000011100001100101001100101110001110110011100000011010111110
1010101111100101000000110011000100101111010010010000110001001100100111110000111101111001101110011110
0101101001101100001110111010101001010100101000101100101001101000010010001111000110010001110101000010
1011001111110001011011010001110111000100111000001110110001000010000100100011110110010101101011100010
1100010011011110111101000110010000110100011011001000100000111110010111101111101110111011011011100010
0110101111001111011110000110111010001111100101001100000001101101011011100100101100001011010000000101
0000101111010101000110001011001000101011001001000011110101110100011001100010001011001101111101011111
1011000110001111111010000011001111101101010110100011100101100100010110010111110010010010010111100111
1011011000001101111010101110100010010000111100001111010001011000111111001000000000011010000111001110
1011001110111111011100110111010000111000100011100111010110010111010100110100101001010100010110011100
1000101110000001101000110000110110011110001011011000001110110001111011010101011111101111000101000000
0101000101111101101101011100110011100100110111100000010111001100000101000010010011100001010111100010
1111011100000001111010100101000011000001100011111010101100110100111011010010011010101110000111000010
1100001110100100011010111010001000110010001001101011011000101110010001110000011000000110010000000100
0100001100001011111101010110011110111111101011001000110101011100100110100100010011011011011111111011
0001100010110111001100100110000110001011101000111011001001010000111001000010011010101110111001111000
1101101000000010010111011111001011010110001000101101111110101001110010110001110111111011100011111000
1100010011010000100110100010111010100011100001101111010111101101010001101000001000110000101101101100
0001011001100111101011011100101010110110101101001001110001001000011110001000110101001110010011101100
1111101100010111110001100110001011010110000111111010110110110100000001111101111011010111000011101100
1001001110010010111011100100111101100100011010111101001000110110111010010000000111111101100000000001
0010111001010010100011001101111000100000011110011111100011010011001110000111001000011101011111010000
0100111010101001011101000110001100001011010000001111001101011001010000001010111111000011000100110010
0010000100110110010111100010110110001101101101000110111100110010111001000100011101011111010000110000
1011110010010011011000110111010001100011111101000100001111001001001011000111111000011001101110001100
0111101001110101011011110100011101100010000100001011011001111000100011000010101110110101110001000110
1110001011100101110001111000000001110110010111010101011100111001101111001111000110100011100011101101
0100011101100000100011100111100010000011011100010011000110010110000101000001001110100010100011101010
1010111101101100001001001101101101111111011010100101000001110111101001011001101011110000100001110101
1111010000010010001000111110101001010011100100010101001010001011101011000101100011010110101111101101
1111000111001000000010110110101001110010011000001110010010001010011001100101110010110001111110000010
0011001001000001001000011111010101011110110010111011100010001010001100000000001111010000001011111110
1001111101111111000011111101011010111110010011001011010111000000010001011001000100010101010101000011
0110010100010100011111010101110010000000110011101001011011011111000011001101000110110001010010011100
0110001111110000110011100000111001111101101111011111010110111100010011001101110100011011110101011010
0010001110100000010001010100001111111111010010100010100011111001000000101010011000011001010001100000
0010010110010110100010100110001101110010100011110100000111110110110000010000010101111101101001100100
1101000101010111000010001110110111111110000000100010111110000011001011000100101000100000001110111110
0011001001000000000010101000101111001000111101011110011110111101010011111111101011110010110111111110
0000010110011000011011101110001110110010011010010111111100110111011011001111101011010111111010010000
0110001010000111001110011000111010001110101110011001100111101100101100001010100110001010011100101001
1101100100110001100001001100001001101000100101101101100001111010001000100001101100101000111101000111
1000100100111010011010111011001011010111000100010111111000000000011110000101111100100111001100110101
0001001010001010001101010010110011010100011111000010001000100111111110011011110101010001000111101000
0100100100110000010010110101010100000111011010011011111111110011010101011001100110000011011010000011
0010100001001110111101000111111000101110010000001010101010101010000101101010000010111011111100001101
1000001000011001001001011001001101010011000010000111011001000000000110000111101011001010101111011110
0110110000100011010001011000011111101101010001011111001000010001100101111100111001011010111111110011
1011011111001101000111011010000001001001111100010110011001011100000011010001010100110101010101110011
1010000101101101001010101110010001010110000011010010010010010010000001110001010110001101010010101010
0011110100101101110101000010001011010110000101101110111010101010100011100001011011000110001111110101
1101001100110001000100101011100001010000100101111110000010011001111011110101101000100101001110110010
0010001111010110100100100111011111100101000010111110010010110100000101111001100010001111111100111011
0001010011000100110001010011111010101000110111010001011001001100001010000100001110100110101001100010
1101010101000001100111111000110111001001000110011001001011011111100000000001011000100000110110000111
0000110101100111000101111000011110101000011110111111101010111101110010000010011011010000110001011010
1010010110000111010111101110011001000101110010100000111011000001111001000110111011011101111010011110
1010100100100110101101000000000110101001110110010000111011010111011001000000000011010110000010000101
1000001111001001100001101011001101010110011110011001110110110111111010100101111110101001101001111100
0010101011111101001110110110101100100000100110011010111001011110011111011001011110001000010010010011
0110010111110000011111100110100100000001011011101101100011100000011111111011000001111110111110001001
1111000011000010011100100010010001110000000110110111111011100111101011010110010000101111010111000101
1110110001001011000100111000110111111001100110101000000000100100000110111111110111101110011100111001
0010110001100100110000001011000100001001101000000011111001010110111000011010101111101110011111100110
0010111000000000100001111000110001011101011110110000000100100100010100110110011110011110001001110000
1011110110101101101111100111101000001011100001011101111000010001010001110001111111100110110011000111
1111101110111010011100001010110101100011011011110011110100001010000010001111101110101001100111011100
0100101101100111011001011011001101101100111111010101100110001011010000111011111111010111000111010011
1111110110101101101101011101001100101011010011001001111110101101101101011110001000000100000111101100
1101100010101101111110100110101101110101111110000000101101010110100000100111000011000111110110001111
0110011010010100010010101011010000010100101100011111010000111000000110110110100000100101011001110100
0001000011010001011010110010011101000101011111011100010100000000011000011001010111001101110000100010
1101010011011000010100100110010110110000010100000111010000111001101100001101010011000011110111100000
1111001100111000111000010100101001010101011100001010100000110100101001010010011000010111010011110101
1011100001100011010011000111011011101010000111011100101001011011110101010100010111011000011001101111
1001111010011101010000110011111111011011000001001000000111001001010010101011011100011010001100101011
1100110111100001110110100111111001101101100000010110110000000110100111111010001010110001000101000101
10
Q
M 74 67 1
M 93 57 1
M 94 36 1
M 67 17 0
Q
M 93 82 0
Q
Q
M 87 59 1
39 98
01100101000011111010100010100011010111011101101111110100000110000100101100011010110111000001110101
01001000110001011010011110000111110101111000010010011001101001001010110111001001010000110000101101
01000000011110011101011101110000011010100111001100110000001110011001101101010000111001010011101110
10110001110010011111111110110001101001101010000001010100001111110011010100011111001100001000010000
01110000111110010011111000011011011101101110000110010010010001011001001101000101101010101110001000
01110111001011101110001101011001111010000111100001110100000001010010010111110111110011110101101000
01010010000000010111100001011110000110111000010110101011111111000100000011100111010111111011000101
10111110100101011001011100011001111001110000111000001010010000011101111101011000101111000110110110
01011110000000100010000110101010000110000111100010111100010100010110001110111101010111000101111100
10110001101110101001011111000110000111110101100110100001010101010110001000010100000111000111101111
01000001010110000110000011011010000111001100001010111001011001011101110000111001100001010001110111
10011101100110101101011101011000010011011101110000010001111010100110101111000111010001000010101111
00001010100010001101111000100101111111000010111100000011110011110111111001001000101010100001101000
01001110101111101011100001010000000010011000111100010000000111001101011100001110001110001101001010
00101100000101000101001011000110100101010011111010011101111001100011000010011001101001000111000110
10011110110111000101111000011111001001011011101101011100101111011101111100010011011000011010101100
10101010101100110101011111000000000000010011000101000000000111101000100000110011100011110110110101
10110010000000101010000001010010110000011101110001101110110001111111011011011101010011110110110011
00000101110001111100010100110111011110011110110110000111110001011001010010111100001101011100101100
01011010110001101110111111110101111011110111101001011011011101001011100000101110001111100011000011
10001110010111101110101000000001110010110101010001010010001110100111111110001000011001111111100011
01111000100111110101001001000000000011001101000101110110101100010100111100010110111101001000100001
01001100110001001100101110010111111000100111100110111010000110100111011101101111011001111011101100
01001100101100111110100001111111010111011011111000101000010010000100110001011000000011101001110110
00001010000101011101010111110100011010100101000001001100101110001111100000011110001001000001100100
00011110011010100011110110111000011001001011110101110010000110001000011001101001101000110101010001
11101001010100111000111000011110011110100110110001111100010001100110100000100111100011111100110011
01010000110001110001001100101101111000111100001111001000100011001111001001111110011001011101100000
00011110110001010111111110011000010110001111011111010101010000100101111111111111010111111111011010
11011111100101111011001010010100100000101010010011111101001000111100111001010010011011110101001101
00110011100101111101111000100110110010010011111101101101100101000110110001101110110100110101101001
10001001101001010000111101000000110001010001101011001000101011010101110111111011100111111010000100
10010111111110101111010001011110000000011001000010101000001011111000001011010000001010000000000001
01000100111101000101110001100001001000100001001100101011011011010001111001110110101010011111100101
10110110001010100010110101000111100100010001010100010001001111000110110011000100100110101110001110
01010000110100010101001111011000011000010000000111001000000011010101001011101011100110111000100011
11010110010110011101010000000100110010011100100110110100101000011101101001101000010111110100000011
01000100111001001100100111001010110011110001000110101101101001100010111010101000110111001011110000
11110110011001010101000001000000001001101011001000011101110011000100111101101010100100010110000101
7
Q
M 21 27 1
Q
M 14 86 1
Q
M 23 3 1
M 6 41 1
9 2
01
11
01
00
01
10
10
00
01
8
M 4 1 0
M 6 1 1
Q
M 5 0 0
Q
Q
M 8 0 1
Q
